709 3
1051
2286 7
3408
6133 16
6175
6482 17
7524
8430 20
8459
8756 21
8790
9697 24
9725
10028 25
10072
10375 26
10413
11951 31
11988
12285 32
12503
12802 33
12834
14375 38
14415
14716 39
15044
15347 40
15387
16913 45
16943
17240 46
17903
18202 47
18230
19749 52
19776
20073 53
20390
20689 54
20714
22241 59
22271
23179 62
23281
23582 63
26516
27423 66
27456
28995 71
29038
30574 76
31031
31628 78
36323
38459 85
38491
38794 86
38820
39119 87
39210
39509 88
39596
41127 93
41165
42073 96
42127
43026 99
43072
43375 100
43414
44952 105
44990
45291 106
45476
45779 107
45815
47353 112
47383
47680 113
47897
48200 114
48238
48541 115
48561
48864 116
48886
49189 117
49214
49517 118
49622
49921 119
50007
