973 3
1315
2550 7
3660
6385 16
6427
6734 17
7764
8670 20
8699
8996 21
9030
9937 24
9965
10268 25
10312
10615 26
10653
12191 31
12228
12525 32
12743
13042 33
13074
14615 38
14655
14956 39
15284
15587 40
15627
17153 45
17183
17480 46
18143
18442 47
18470
19989 52
20016
20313 53
20630
20929 54
20954
22481 59
22511
23419 62
23521
23822 63
26658
27565 66
27598
29137 71
29180
30716 76
31173
31770 78
36333
38469 85
38501
38804 86
38830
39129 87
39220
39519 88
39606
41137 93
41175
42083 96
42137
43036 99
43082
43385 100
43424
44962 105
45000
45301 106
45486
45789 107
45825
47363 112
47393
47690 113
47907
48210 114
48248
48551 115
48571
48874 116
48896
49199 117
49224
49527 118
49632
49931 119
50017
