707 3
1049
2284 7
3411
6136 16
6178
6485 17
7532
8438 20
8467
9374 23
9402
9705 24
9748
11286 29
11323
11624 30
11842
12145 31
12177
13710 36
13750
14051 37
14379
14682 38
14722
16244 43
16274
16571 44
17321
17620 45
17648
19179 50
19206
19507 51
19824
20127 52
20152
21687 57
21717
22625 60
22660
22961 61
24719
25626 64
25659
25958 65
25995
27520 70
27549
27852 71
27890
28193 72
28226
28529 73
28563
28866 74
28897
29200 75
29233
29532 76
29570
31104 81
31134
31431 82
31726
32029 83
32067
32370 84
32390
32693 85
32714
33013 86
33038
33337 87
33375
