973 3
1315
2550 7
3660
6385 16
6427
6734 17
7764
8670 20
8699
8996 21
9030
9937 24
9965
10268 25
10312
10615 26
10653
12191 31
12228
12525 32
12743
13042 33
13074
14615 38
14655
14956 39
15284
15587 40
15627
17153 45
17183
17480 46
18143
18442 47
18470
19989 52
20016
20313 53
20630
20929 54
20954
22481 59
22511
23419 62
23521
23822 63
26656
27563 66
27596
29135 71
29178
30714 76
31171
31768 78
36309
38445 85
38477
38780 86
38806
39105 87
39196
39495 88
39582
41113 93
41151
42059 96
42113
43012 99
43058
43361 100
43400
44938 105
44976
45277 106
45462
45765 107
45801
47339 112
47369
47666 113
47883
48186 114
48224
48527 115
48547
48850 116
48872
49175 117
49200
49503 118
49608
49907 119
49993
