973 3
1315
2550 7
3660
6385 16
6427
6734 17
7764
8670 20
8699
8996 21
9030
9937 24
9965
10268 25
10312
10615 26
10653
12191 31
12228
12525 32
12743
13042 33
13074
14615 38
14655
14956 39
15284
15587 40
15627
17153 45
17183
17480 46
18143
18442 47
18470
19989 52
20016
20313 53
20630
20929 54
20954
22481 59
22511
23419 62
23521
23822 63
26651
27558 66
27591
29130 71
29173
30709 76
31166
31763 78
36282
38418 85
38450
38753 86
38779
39078 87
39169
39468 88
39555
41086 93
41124
42032 96
42086
42985 99
43031
43334 100
43373
44911 105
44949
45250 106
45435
45738 107
45774
47312 112
47342
47639 113
47856
48159 114
48197
48500 115
48520
48823 116
48845
49148 117
49173
49476 118
49581
49880 119
49966
