973 3
1315
2550 7
3660
6385 16
6427
6734 17
7764
8670 20
8699
8996 21
9030
9937 24
9965
10268 25
10312
10615 26
10653
12191 31
12228
12525 32
12743
13042 33
13074
14615 38
14655
14956 39
15284
15587 40
15627
17153 45
17183
17480 46
18143
18442 47
18470
19989 52
20016
20313 53
20630
20929 54
20954
22481 59
22511
23419 62
23521
23822 63
26952
27859 66
27892
29431 71
29474
31010 76
31467
32064 78
36627
38763 85
38795
39098 86
39124
39423 87
39514
39813 88
39900
41431 93
41469
42377 96
42431
43330 99
43376
43679 100
43718
45256 105
45294
45595 106
45780
46083 107
46119
47657 112
47687
47984 113
48570
48873 114
48911
49214 115
49234
49537 116
49559
49862 117
49887
50190 118
50295
50594 119
50680
