973 3
1315
2550 7
3669
6394 16
6436
6743 17
7782
8688 20
8717
9624 23
9652
9955 24
9999
11537 29
11574
11875 30
12093
12396 31
12428
13961 36
14001
14302 37
14630
14933 38
14973
16495 43
16525
16822 44
17485
17784 45
17812
19343 50
19370
19671 51
19988
20291 52
20316
21851 57
21881
22789 60
22891
23192 61
26026
26933 64
26966
28493 69
28536
30076 74
30533
31130 76
35571
37707 83
37739
38042 84
38068
38371 85
38462
38761 86
38848
40375 91
40414
40711 92
40898
41197 93
41230
42763 98
42795
43092 99
43307
43610 100
43646
45184 105
45222
45523 106
45708
46011 107
46047
47585 112
47615
47912 113
48129
48432 114
48470
48773 115
48793
49096 116
49118
49421 117
49446
49749 118
49854
50153 119
50239
