709 3
1051
2286 7
3407
6132 16
6174
6481 17
7522
8428 20
8457
8754 21
8788
9695 24
9723
10026 25
10070
10373 26
10411
11949 31
11986
12283 32
12501
12800 33
12832
14373 38
14413
14714 39
15042
15345 40
15385
16911 45
16941
17238 46
17901
18200 47
18228
19747 52
19774
20071 53
20388
20687 54
20712
22239 59
22269
23177 62
23279
23580 63
26409
27316 66
27349
28888 71
28931
30467 76
30924
31521 78
35908
38044 85
38076
38379 86
38405
38704 87
38795
39094 88
39181
40712 93
40750
41658 96
41712
42611 99
42657
42960 100
42999
44537 105
44575
44876 106
45061
45364 107
45400
46938 112
46968
47265 113
47480
47783 114
47821
48124 115
48144
48447 116
48469
48772 117
48797
49100 118
49205
49504 119
49590
