973 3
1315
2550 7
3660
6385 16
6427
6734 17
7764
8670 20
8699
8996 21
9030
9937 24
9965
10268 25
10312
10615 26
10653
12191 31
12228
12525 32
12743
13042 33
13074
14615 38
14655
14956 39
15234
15537 40
15577
17103 45
17133
17430 46
18093
18392 47
18420
19939 52
19966
20263 53
20580
20879 54
20904
22431 59
22461
23369 62
23471
23772 63
26519
27426 66
27459
28998 71
29041
30577 76
31034
31631 78
35974
38110 85
38142
38445 86
38471
38770 87
38861
39160 88
39247
40778 93
40816
41724 96
41778
42677 99
42723
43026 100
43065
44603 105
44641
44942 106
45127
45430 107
45466
47004 112
47034
47331 113
47548
47851 114
47889
48192 115
48212
48515 116
48537
48840 117
48865
49168 118
49273
49572 119
49658
