971 3
1313
2548 7
3675
6400 16
6442
6749 17
7796
8702 20
8731
9638 23
9666
9969 24
10012
11550 29
11587
11888 30
12106
12409 31
12441
13974 36
14014
14315 37
14643
14946 38
14986
16508 43
16538
16835 44
17498
17797 45
17825
19356 50
19383
19684 51
20001
20304 52
20329
21864 57
21894
22802 60
22837
23138 61
25577
26484 64
26517
26816 65
26853
28378 70
28407
28710 71
28748
29051 72
29084
29387 73
29421
29724 74
29755
30058 75
30091
30390 76
30428
31962 81
31992
32289 82
32506
32809 83
32847
33150 84
33170
33473 85
33494
33793 86
33818
34117 87
34155
