2419 3
2761
3996 7
5090
7815 16
7857
8164 17
9258
10164 20
10193
10490 21
10524
11431 24
11459
11762 25
11806
12109 26
12147
13685 31
13722
14019 32
14237
14536 33
14568
16109 38
16149
16450 39
16778
17081 40
17121
18647 45
18677
18974 46
19637
19936 47
19964
21483 52
21510
21807 53
22124
22423 54
22448
23975 59
24005
24913 62
25015
25316 63
28150
29057 66
29090
30629 71
30672
32208 76
32665
33262 78
37781
39917 85
39949
40252 86
40278
40577 87
40668
40967 88
41054
42585 93
42623
43531 96
43585
44484 99
44530
44833 100
44872
46410 105
46448
46749 106
46934
47237 107
47273
48811 112
48841
49138 113
49511
49814 114
49852
50155 115
50175
50478 116
50500
50803 117
50828
51131 118
51236
51535 119
51621
