973 3
1315
2550 7
3660
6385 16
6427
6734 17
7764
8670 20
8699
8996 21
9030
9937 24
9965
10268 25
10312
10615 26
10653
12191 31
12228
12525 32
12743
13042 33
13074
14615 38
14655
14956 39
15284
15587 40
15627
17153 45
17183
17480 46
18143
18442 47
18470
19989 52
20016
20313 53
20630
20929 54
20954
22481 59
22511
23419 62
23521
23822 63
26954
27861 66
27894
29433 71
29476
31012 76
31469
32066 78
36651
38787 85
38819
39122 86
39148
39447 87
39538
39837 88
39924
41455 93
41493
42401 96
42455
43354 99
43400
43703 100
43742
45280 105
45318
45619 106
45804
46107 107
46143
47681 112
47711
48008 113
48225
48528 114
48566
48869 115
48889
49192 116
49214
49517 117
49542
49845 118
49950
50249 119
50335
