973 3
1315
2550 7
3660
6385 16
6427
6734 17
7764
8670 20
8699
8996 21
9030
9937 24
9965
10268 25
10312
10615 26
10653
12191 31
12228
12525 32
12743
13042 33
13074
14615 38
14655
14956 39
15284
15587 40
15627
17153 45
17183
17480 46
18143
18442 47
18470
19989 52
20016
20313 53
20630
20929 54
20954
22481 59
22511
23419 62
23521
23822 63
26746
27653 66
27686
29225 71
29268
30804 76
31261
31858 78
36311
38447 85
38479
38782 86
38808
39107 87
39198
39497 88
39584
41115 93
41153
42061 96
42115
43014 99
43060
43363 100
43402
44940 105
44978
45279 106
45464
45767 107
45803
47341 112
47371
47668 113
47885
48188 114
48226
48529 115
48549
48852 116
48874
49177 117
49202
49505 118
49610
49909 119
49995
