973 3
1315
2550 7
3660
6385 16
6427
6734 17
7764
8670 20
8699
8996 21
9030
9937 24
9965
10268 25
10312
10615 26
10653
12191 31
12228
12525 32
12743
13042 33
13074
14615 38
14655
14956 39
15284
15587 40
15627
17153 45
17183
17480 46
18143
18442 47
18470
19989 52
20016
20313 53
20630
20929 54
20954
22481 59
22511
23419 62
23521
23822 63
26957
27864 66
27897
29436 71
29479
31015 76
31472
32069 78
36632
38768 85
38800
39103 86
39129
39428 87
39519
39818 88
39905
41436 93
41474
42382 96
42436
43335 99
43381
43684 100
43723
45261 105
45299
45600 106
45785
46088 107
46124
47662 112
47692
47989 113
48206
48509 114
48547
48850 115
48870
49173 116
49195
49498 117
49523
49826 118
49931
50230 119
50316
