973 3
1315
2550 7
3660
6385 16
6427
6734 17
7764
8670 20
8699
8996 21
9030
9937 24
9965
10268 25
10312
10615 26
10653
12191 31
12228
12525 32
12743
13042 33
13074
14615 38
14655
14956 39
15284
15587 40
15627
17153 45
17183
17480 46
18143
18442 47
18470
19989 52
20016
20313 53
20630
20929 54
20954
22481 59
22511
23419 62
23521
23822 63
27051
27958 66
27991
29530 71
29573
31109 76
31566
32163 78
36462
38598 85
38630
38933 86
38959
39258 87
39349
39648 88
39735
41266 93
41304
42212 96
42266
43165 99
43211
43514 100
43553
45091 105
45129
45430 106
45615
45918 107
45954
47492 112
47522
47819 113
48036
48339 114
48377
48680 115
48700
49003 116
49025
49328 117
49353
49656 118
49761
50060 119
50146
