973 3
1315
2550 7
3660
6385 16
6427
6734 17
7764
8670 20
8699
8996 21
9030
9937 24
9965
10268 25
10312
10615 26
10653
12191 31
12228
12525 32
12743
13042 33
13074
14615 38
14655
14956 39
15284
15587 40
15627
17153 45
17183
17480 46
18143
18442 47
18470
19989 52
20016
20313 53
20630
20929 54
20954
22481 59
22511
23419 62
23521
23822 63
26885
27792 66
27825
29364 71
29407
30943 76
31400
31997 78
36472
38608 85
38640
38943 86
38969
39268 87
39359
39658 88
39745
41276 93
41314
42222 96
42276
43175 99
43221
43524 100
43563
45101 105
45139
45440 106
45625
45928 107
45964
47502 112
47532
47829 113
48046
48349 114
48387
48690 115
48710
49013 116
49035
49338 117
49363
49666 118
49771
50070 119
50156
