709 3
1051
2286 7
3401
6126 16
6168
6475 17
7510
8416 20
8445
8742 21
8776
9683 24
9711
10014 25
10058
10361 26
10399
11937 31
11974
12271 32
12489
12788 33
12820
14361 38
14401
14702 39
15030
15333 40
15373
16899 45
16929
17226 46
17889
18188 47
18216
19735 52
19762
20059 53
20376
20675 54
20700
22227 59
22257
23165 62
23267
23568 63
26402
27309 66
27342
28881 71
28924
30460 76
30917
31514 78
35879
38015 85
38047
38350 86
38376
38675 87
38766
39065 88
39152
40683 93
40721
41629 96
41683
42582 99
42628
42931 100
42970
44508 105
44546
44847 106
45032
45335 107
45371
46909 112
46939
47236 113
47453
47756 114
47794
48097 115
48117
48420 116
48442
48745 117
48770
49073 118
49178
49477 119
49563
